release_date,region,issue,epiweek,lag,num_ili,num_patients,num_providers,num_age_0,num_age_1,num_age_2,num_age_3,num_age_4,num_age_5,wili,ili
2017-10-24,nat,201740,201440,157,10150,841540,1937,2958,3994,,1959,712,527,1.16191,1.20612
2017-10-24,nat,201740,201501,143,31483,771835,1958,7160,9589,,8072,3614,3048,4.21374,4.07898
2017-10-24,nat,201740,201502,142,31204,792459,1971,7044,11966,,6946,2909,2339,4.21022,3.93762
2017-10-24,nat,201740,201503,141,33221,800359,1966,7840,13949,,6451,2951,2030,4.25968,4.15076
2017-10-24,nat,201740,201504,140,30621,789407,1955,7118,13159,,5844,2585,1915,3.97761,3.87899
2017-10-24,nat,201740,201505,139,28151,814097,1950,6656,12093,,5380,2368,1654,3.63443,3.45794
2017-10-24,nat,201740,201506,138,25218,823153,1917,6429,10328,,4884,2072,1505,3.26527,3.06359
2017-10-24,nat,201740,201507,137,21109,746836,1907,5537,8164,,4295,1842,1271,2.93083,2.82646
2017-10-24,nat,201740,201508,136,19178,812660,1934,4823,7280,,4061,1765,1249,2.54474,2.3599
2017-10-24,nat,201740,201509,135,18441,789858,1912,4639,7116,,3914,1696,1076,2.47227,2.33472
2017-10-24,nat,201740,201510,134,17833,805881,1907,4710,6748,,3654,1654,1067,2.35665,2.21286
